   rSR rSH    c1     c2
1  0.2 0.2 0.208 -0.042
2  0.2 0.4 0.417 -0.083
3  0.2 0.6 0.625 -0.125
4  0.2 0.8 0.833 -0.167
5  0.4 0.2 0.238 -0.095
6  0.4 0.4 0.476 -0.190
7  0.4 0.6 0.714 -0.286
8  0.4 0.8 0.952 -0.381
9  0.6 0.2 0.312 -0.188
10 0.6 0.4 0.625 -0.375
11 0.6 0.6 0.938 -0.562
12 0.6 0.8 1.250 -0.750
13 0.8 0.2 0.556 -0.444
14 0.8 0.4 1.111 -0.889
15 0.8 0.6 1.667 -1.333
            S         R          H
1  0.02824826 0.7083524  0.3094079
2 -0.74516241 0.8519169 -0.4919469
3 -0.07064318 0.0134388  1.0171224
4 -0.14630164 1.0620503  0.2282681
5  1.16717602 1.2220614  0.5647027
   rSR rSH rRH          c1            c2
1  0.2 0.0   0 -0.06643571 -0.0074435536
2  0.2 0.1   0  0.03620070 -0.0158784494
3  0.2 0.2   0  0.14018951 -0.0245265597
4  0.2 0.3   0  0.24548118 -0.0336953021
5  0.2 0.4   0  0.35201887 -0.0437444265
6  0.2 0.5   0  0.45973571 -0.0551268959
7  0.2 0.6   0  0.56854964 -0.0684646496
8  0.2 0.7   0  0.67835134 -0.0847153596
9  0.2 0.8   0  0.78896933 -0.1056354192
10 0.2 0.9   0  0.90001229 -0.1357475575
11 0.2 1.0   0  0.98652192 -0.1920593366
12 0.3 0.0   0 -0.06625488 -0.0037825351
13 0.3 0.1   0  0.03925224 -0.0238837698
14 0.3 0.2   0  0.14619468 -0.0444048985
15 0.3 0.3   0  0.25455049 -0.0656396983
16 0.3 0.4   0  0.36429335 -0.0879327359
17 0.3 0.5   0  0.47539169 -0.1117221750
18 0.3 0.6   0  0.58780646 -0.1376212154
19 0.3 0.7   0  0.70148463 -0.1666050962
20 0.3 0.8   0  0.81633519 -0.2005707511
21 0.3 0.9   0  0.93207744 -0.2452098107
22 0.3 1.0   0  0.99325497 -0.2811119284
23 0.4 0.0   0 -0.06670026  0.0001316645
24 0.4 0.1   0  0.04471315 -0.0334146487
25 0.4 0.2   0  0.15772096 -0.0676426111
26 0.4 0.3   0  0.27232346 -0.1028418824
27 0.4 0.4   0  0.38851804 -0.1393530357
28 0.4 0.5   0  0.50629978 -0.1776149488
29 0.4 0.6   0  0.62566158 -0.2182589010
30 0.4 0.7   0  0.74659155 -0.2623405560
31 0.4 0.8   0  0.86905371 -0.3121351807
32 0.4 0.9   0  0.99270512 -0.3777806037
33 0.4 1.0   0  1.00925437 -0.3662242156
34 0.5 0.0   0 -0.06795324  0.0045437863
35 0.5 0.1   0  0.05371839 -0.0458050036
36 0.5 0.2   0  0.17726581 -0.0972028976
37 0.5 0.3   0  0.30270749 -0.1499435121
38 0.5 0.4   0  0.43005793 -0.2043723648
39 0.5 0.5   0  0.55932909 -0.2609426278
40 0.5 0.6   0  0.69053113 -0.3203336873
41 0.5 0.7   0  0.82366820 -0.3837813236
42 0.5 0.8   0  0.95868860 -0.4545666501
43 0.5 0.9   0  1.04390938 -0.5010192582
44 0.5 1.0   0  1.03444760 -0.4485712103
45 0.6 0.0   0 -0.07037990  0.0098693436
46 0.6 0.1   0  0.06870116 -0.0636377241
47 0.6 0.2   0  0.21016647 -0.1387753944
48 0.6 0.3   0  0.35404676 -0.2158469374
49 0.6 0.4   0  0.50036050 -0.2952062635
50 0.6 0.5   0  0.64911278 -0.3773274429
51 0.6 0.6   0  0.80028633 -0.4629706806
52 0.6 0.7   0  0.95379097 -0.5537688080
53 0.6 0.8   0  1.10802830 -0.6625788950
54 0.6 0.9   0  1.08497668 -0.5899316164
55 0.6 1.0   0  1.06855325 -0.5295106279
56 0.7 0.0   0 -0.07477944  0.0169467639
57 0.7 0.1   0  0.09556111 -0.0929308067
58 0.7 0.2   0  0.26929931 -0.2055157669
59 0.7 0.3   0  0.44645676 -0.3211139560
60 0.7 0.4   0  0.62700428 -0.4400606211
61 0.7 0.5   0  0.81083317 -0.5628033758
62 0.7 0.6   0  0.99763885 -0.6901490468
63 0.7 0.7   0  1.18581730 -0.8251796254
64 0.7 0.8   0  1.16999838 -0.7616683158
65 0.7 0.9   0  1.13587501 -0.6789793391
66 0.7 1.0   0  1.11114342 -0.6103539106
67 0.8 0.0   0 -0.08326342  0.0279191738
68 0.8 0.1   0  0.15251962 -0.1520092513
69 0.8 0.2   0  0.39419186 -0.3371954224
70 0.8 0.3   0  0.64162666 -0.5278345776
71 0.8 0.4   0  0.89439590 -0.7239512528
72 0.8 0.5   0  1.15135722 -0.9252719497
73 0.8 0.6   0  1.40375124 -1.1289524077
74 0.8 0.7   0  1.30785854 -0.9792532913
75 0.8 0.8   0  1.24239039 -0.8630958504
76 0.8 0.9   0  1.19587982 -0.7695540379
77 0.8 1.0   0  1.16171037 -0.6922297983
78 0.9 0.0   0 -0.10430104  0.0512815985
79 0.9 0.1   0  0.33373193 -0.3351502249
80 0.9 0.2   0  0.78766156 -0.7369210661
81 0.9 0.3   0  1.25488546 -1.1518844703
82 0.9 0.4   0  1.72586980 -1.5715309514
83 0.9 0.5   0  1.70941831 -1.5046192508
84 0.9 0.6   0  1.52764962 -1.2704527350
85 0.9 0.7   0  1.40750968 -1.0995750531
86 0.9 0.8   0  1.32422671 -0.9679884662
87 0.9 0.9   0  1.26426722 -0.8626830722
88 0.9 1.0   0  1.21972038 -0.7760308119
   rSR rSH rRH    c1     c2
3  0.2 0.2   0 0.140 -0.025
5  0.2 0.4   0 0.352 -0.044
7  0.2 0.6   0 0.569 -0.068
9  0.2 0.8   0 0.789 -0.106
25 0.4 0.2   0 0.158 -0.068
27 0.4 0.4   0 0.389 -0.139
29 0.4 0.6   0 0.626 -0.218
31 0.4 0.8   0 0.869 -0.312
47 0.6 0.2   0 0.210 -0.139
49 0.6 0.4   0 0.500 -0.295
51 0.6 0.6   0 0.800 -0.463
53 0.6 0.8   0 1.108 -0.663
69 0.8 0.2   0 0.394 -0.337
71 0.8 0.4   0 0.894 -0.724
73 0.8 0.6   0 1.404 -1.129
          S            R            H
S 1.0000000  0.396964261  0.800783187
R 0.3969643  1.000000000 -0.001912714
H 0.8007832 -0.001912714  1.000000000
                Estimate  Std. Error     t value  Pr(>|t|)
(Intercept)  0.002487991 0.001540098    1.615476 0.1062109
S            0.952620243 0.001680568  566.844185 0.0000000
R           -0.381058718 0.001684935 -226.156386 0.0000000
[1] 0.4
[1] 0.4
[1] 0
(Intercept)           S           R 
        0.0         0.5        -0.2 
[1] 0
[1] 0.5
[1] -0.2
(Intercept)           S           R 
        0.0         0.5        -0.2 
[1] 0
[1] 0.6
[1] 0
(Intercept)           S           R 
        0.0         0.6         0.0 
