   rSR rSH    c1     c2
1  0.2 0.2 0.208 -0.042
2  0.2 0.4 0.417 -0.083
3  0.2 0.6 0.625 -0.125
4  0.2 0.8 0.833 -0.167
5  0.4 0.2 0.238 -0.095
6  0.4 0.4 0.476 -0.190
7  0.4 0.6 0.714 -0.286
8  0.4 0.8 0.952 -0.381
9  0.6 0.2 0.312 -0.188
10 0.6 0.4 0.625 -0.375
11 0.6 0.6 0.938 -0.562
12 0.6 0.8 1.250 -0.750
13 0.8 0.2 0.556 -0.444
14 0.8 0.4 1.111 -0.889
15 0.8 0.6 1.667 -1.333
                 S            R            H
1     0.0282482638  0.708352430  0.309407869
2    -0.7451624105  0.851916895 -0.491946880
3    -0.0706431782  0.013438801  1.017122414
4    -0.1463016449  1.062050349  0.228268080
5     1.1671760153  1.222061399  0.564702658
6     0.8891644441  0.328132954  1.484926358
7    -1.5339630979 -0.097853915  0.514622502
8    -0.5022697150 -0.674843303 -1.156854908
9    -1.2083481130 -0.657155665 -1.412086495
10    0.6449018566  2.782040661  0.320452510
11   -0.2920280044  0.757736857  1.234205360
12   -0.7196129385  0.665298554 -0.952220627
13    1.3535439146  0.976541910  1.187952291
14   -0.1596395859 -0.604126750  0.442416753
15   -1.6779069870 -1.133231497 -3.263714802
16   -0.0283249545  0.968715732 -0.248587596
17    0.3407045707  1.628405547 -0.015451409
18   -0.7822749660 -1.190042268  0.279661797
19    0.9512534920  1.171734050  0.367232613
20    1.0234962946 -0.779680733  1.527282229
21    1.0643085152 -0.558393042  0.076184381
22   -0.0720922498 -0.105139522  1.460531289
23   -0.4681156961  0.132003522  0.310579742
24    0.4820651249 -1.006769105  0.489825644
25   -0.4123585549 -0.494215693  0.654197265
26    0.9892153586 -2.101672826  1.102053937
27    0.3937606998 -0.174723644  0.102603905
28    1.2415305816  0.579749154  0.729483712
29   -1.1855346346  1.917342863  0.431290808
30    0.2055132780 -0.460987569  0.831234551
31   -1.2486446370 -1.028831803  0.867066777
32   -1.1827617471  0.644338716  0.439268155
33   -1.5772770464 -0.352162209 -2.777739443
34    0.1277249756 -0.309854703  0.796258219
35    1.0900686960  3.373555808  0.037143833
36   -0.8594914338 -0.070754375  0.762024655
37   -0.2617212943 -1.253615476  1.988469665
38    0.7569377913 -0.045575124 -0.480550616
39   -0.6992942767 -0.470932733 -0.340834201
40   -0.0308077711 -0.252538575  0.608621448
41   -0.4895999002 -0.381447793 -0.807228628
42    0.2506409916 -0.137349570 -0.018117658
43   -1.4453912996 -0.039355323 -0.561721374
44   -0.5782124408  0.141360740 -0.423621518
45    1.5773830100  1.064820358 -0.090779453
46    0.8788995114  0.286603818 -0.613337547
47    0.2351838764  0.256163095 -1.492385157
48    0.3548019178 -0.847660589  0.477618913
49    0.4784938180 -1.301479597 -0.877789632
50   -0.6701237125 -0.515658129 -0.510253951
51   -0.9574080513 -0.142765612 -0.631871644
52    0.3332280045 -1.054620056 -0.095880390
53    0.1823135863  1.242636033 -2.074023103
54   -0.0945486021 -1.404581462 -1.395587475
55    0.9049342725  0.217961259  0.362564463
56   -1.1795330707  0.632127549 -2.160462504
57   -0.0784917437 -0.401491080  1.524428217
58    1.6217994853 -0.444390721  0.743068881
59   -1.0706551463  0.046872458 -1.571570480
60    0.9973700153 -1.442950276 -0.333409501
61    0.9951770358  1.089513425  0.891566521
62    0.1305779180 -1.098743511 -0.179062624
63   -0.3631777275  0.034827679 -0.894796273
64    0.3633948447  1.144829349  1.341019900
65    0.5299195817  1.368690195  0.100797759
66    0.9874092252  0.200529545 -0.624474085
67    1.7790473981 -0.038964979  0.939854067
68   -2.6248486404 -0.095023826 -2.306890404
69   -0.0894127536  0.207003896  0.299760357
70   -0.0819654980  0.224824827  0.472819644
71   -0.3767367755  0.055238260  1.088243807
72   -0.6075871315  1.939918417 -1.501426892
73   -1.3448564699 -0.798075838 -0.081589587
74   -0.5730615504  0.619913097 -0.295583486
75   -0.1401925261 -0.147294293  0.324408088
76   -0.6429583454 -1.315269682  1.052592758
77    0.6615211658  0.343127045  1.933022539
78    1.2287646644 -0.032557664 -1.822911207
79   -1.7328284687 -0.977604082 -1.337806478
80    0.1511971876 -2.152209528  1.087924223
81    0.3920802009  1.742784381 -2.603095634
82   -0.8975514124  1.279336271 -1.981836148
83   -0.1656132254 -1.085002647  1.281923809
84   -1.2937428674 -0.971445894  0.806674567
85    0.8510871369 -0.564112485  1.327788403
86   -0.7778297813 -1.486710796 -0.691022966
87    0.2279673810  0.851664533  1.751311560
88   -1.6777429099 -1.780895100  0.095312482
89    0.2393164055 -0.164364695 -1.287647658
90    0.4874848619  0.016729689 -0.132137071
91   -1.2689306059 -0.649507302 -0.269229767
92   -0.2490728606  0.301952329  1.770316504
93   -1.7659821415  0.180883649 -1.082281076
94   -1.6613537341  0.334478228 -0.017155279
95   -1.2946983003 -0.954076720 -1.012891575
96    0.0469721587 -0.303210825 -0.151913880
97    1.0297317568  0.307299902  0.116196125
98   -0.9853428831  0.142486529 -0.038713235
99    0.3864065548  0.120756459  0.083300044
100   1.6751383338 -0.375952384 -0.331105236
101   0.2757684170  1.862525501 -1.004675241
102   1.4713825773 -0.077388436  0.650995071
103  -0.5411801104 -1.468338985 -0.547316386
104  -1.3134148656  0.264646984 -1.711740418
105   0.2051955635  0.359446110  1.506589340
106  -0.1592964035 -1.638241004 -0.621292934
107  -0.5584250948  0.371532440 -1.562941179
108  -0.3713011659 -1.082343274 -1.596891235
109  -0.7354631252  1.914309914 -0.202891155
110  -0.3503866778 -1.056812112 -0.480891513
111  -0.7032920464 -1.024397705 -0.722025377
112   0.3531199555 -1.421966329  1.031971030
113  -0.4986118704  0.725261131 -0.996907598
114   0.6540089110 -0.274305594  0.750698498
115   0.1252893572  0.971701726  0.103596110
116  -0.0930575052 -0.899755112 -1.166891337
117   1.2385399859 -0.394073665  1.348277747
118   0.1879729022 -0.033741119 -1.480449667
119  -1.2572505387  0.328295083 -0.874908944
120   0.1874863054 -1.434532461 -0.268615967
121  -1.0650388262  0.549509933 -0.474849808
122  -0.2111004105  0.387718344  0.694007580
123   2.0195529665 -0.269474346  0.758903898
124  -0.9268472659  0.443631976 -0.537982908
125  -0.9565783099 -0.436760419  0.619334816
126   1.2618230998  1.440297073 -1.072710518
127   0.9987993464  3.209677212 -0.921426698
128   0.1542324134  0.762734607  1.048466301
129   0.3851004636  0.311642674 -0.883124174
130   1.0925547282  1.239218000  1.818395428
131   0.6710058063  0.735930024 -0.793730229
132  -0.4870870339  1.508275256 -0.673905293
133  -0.1272711215 -1.129664532  0.630355027
134  -0.5216984727 -1.102564722  0.393699532
135   1.1246542984 -0.600970032  1.780347036
136   0.3718226341 -1.017719497  0.843133520
137   1.8715812944  1.293295295  1.572826074
138  -1.3097966418  0.950206331  0.005654872
139   0.6582094401  0.816991689 -0.440111011
140  -0.7603332514 -1.067662664  0.514794768
141   0.7263684190 -0.365671719 -0.482245029
142  -0.6365418492 -1.034901264  0.135157519
143  -0.6683316926 -0.012197866 -0.862065065
144  -0.9281064127  0.351966586 -0.664559275
145  -0.4476396300  1.505428836 -1.719910175
146  -0.5804646424 -0.253285864 -0.764619458
147   0.6356626284  0.567138538  1.236396420
148  -0.5302515529 -0.059731042  0.001341330
149  -0.0046541558  0.908027894  0.268744179
150  -1.4049195256  1.084116259 -1.250790840
151  -1.3029597672 -1.326673660 -2.074499893
152   0.1275462375  0.980620223  0.667449633
153   1.0615213783  0.871582148  1.026368147
154  -0.5493087272 -0.589727769  1.171257066
155  -1.2365472825 -1.014214662  0.346875152
156   0.9207932161 -0.278286068  0.922959025
157   0.6025288012 -0.598552311  0.245898448
158  -0.2310034847 -1.330040888  0.631914165
159   0.7618052677  0.696161582  0.290957073
160   1.6211342571  1.398865335 -0.380637097
161   0.7753523170 -0.083062150  0.763340215
162  -1.1119316066 -1.079999768  0.131295494
163  -4.0096429294 -1.407959994 -3.249030799
164   1.2827811449 -1.169085136  1.520861841
165   0.4835592480  2.370124560  0.591513297
166  -1.8803245476  0.645789440 -0.044375717
167   2.6106669772  1.292309561  1.777482311
168  -0.7629730235  0.307084020  0.694760571
169  -2.4819850705 -1.199709579 -1.133267512
170  -0.3583444842 -0.209925977  2.344493478
171  -0.1466943527  1.265007366 -0.612150973
172   0.3955805483  0.777619496  0.106368332
173   0.8142741266 -0.179626082 -0.100387142
174   0.5757080377 -0.627913777  0.604493707
175  -0.0140489544 -0.676511807 -0.190800245
176  -0.2648820735 -0.428533252  0.047658416
177   0.7073164526 -0.172470703  0.009275682
178  -0.5611620647 -0.387700946 -0.132164668
179  -0.7293989378  0.609298789 -0.085742293
180   0.6839325475  0.668329697  0.397509485
181  -0.7069881752 -0.091360858  0.972756379
182  -0.0915150892 -0.596630150 -1.146789873
183   0.2056627351 -1.529349028  0.835484327
184  -1.1315201723 -0.918627702 -1.452974515
185  -0.9000491547  0.285123157 -0.654097028
186   1.6652208192  1.999822063  1.345277916
187  -0.4737926246 -1.403672297 -0.868095018
188   0.8808217293 -1.468033167  1.568616619
189  -0.2661993814  0.766582808  0.331607567
190  -1.6515010984 -0.526629030 -2.793630512
191  -1.3893590415  0.102140506 -2.203665540
192   0.8094537211  0.178030311 -0.401726211
193  -0.3360516036 -0.071111312 -0.583615657
194   1.6070801704 -0.096160725  0.406450421
195  -0.0895640092 -1.245928194  0.811832381
196   1.1091135262  0.029854869  1.411776902
197   1.0622946041  1.141743078  1.217485205
198  -0.6733885536 -1.053260802 -0.639666637
199   1.0106963442  1.478606148  0.840695486
200   0.1385615180  0.696122130  0.007015382
201  -0.7405435938 -0.336613114 -1.476068321
202   1.5097492152 -1.677337697  1.497816719
203  -1.0944743546  0.425132687 -0.137995221
204   0.9482322317  0.172941243 -0.615684714
205  -1.3334190506 -0.724294360 -1.007831841
206  -1.3621435804 -0.594500034  0.451414709
207   0.1688845563  0.194819998 -1.054162253
208   0.6257077712  0.709594802  1.107828412
209   0.2195188143  0.239703433  0.408403194
210   0.1058129133  0.605443858  0.350394210
211  -1.1071049440  0.271225378 -1.661693172
212   3.1265510972  0.765724329  3.397420495
213   0.3601475529 -0.668624931  0.045650501
214  -0.3275357186  0.122392581 -1.550609556
215  -0.1622645771  0.767173016 -0.397169631
216   1.1013811230  0.105244633  0.764199959
217   0.1005604566 -0.199044954 -0.378053661
218   0.4909578024  0.880950829  2.845169804
219  -0.4472882268 -0.464154756  0.259090014
220   0.2398970584 -0.586672688 -0.368190889
221   1.3613283471  0.331924732  0.990597818
222   2.6436859187  0.803812351 -0.089562677
223  -0.9824149693  1.030089291 -1.389960045
224   0.3860147382  0.293522829  1.560582665
225   0.6463693644 -0.242468244  0.166674748
226   1.1353581868  0.392646600  0.608027387
227   2.7801283266  1.137221877  2.133123387
228  -1.0549288231 -0.126855231  1.223923673
229   0.3580470349  0.979018456  0.734284971
230   0.0052978440  1.466127572 -0.455812341
231   0.1038648836  0.650232309 -0.877487405
232  -0.4835518076  1.027968032 -0.728418120
233   0.4113812225  1.668959550  0.858188779
234  -0.5210693095 -0.337685932  1.359793770
235   0.4316937574  0.428491144 -0.841798443
236  -0.9663106123 -1.197549203 -0.512796604
237   0.2867727326 -0.053576119 -1.106154055
238   1.0351409780 -1.248849850  1.089510941
239  -0.9034102951 -0.606596670  0.350289254
240  -1.3819339661 -1.484660230 -1.960131215
241   0.2113924499 -0.810760638  1.466552414
242   0.2970422086  0.504345051 -0.965652826
243   0.0007765195  0.502156870  0.086959918
244   1.1863730969 -0.988109767  0.192979374
245   0.4543742175 -0.572794654  1.249354034
246  -1.8258106493 -1.043920191 -0.275001874
247   0.9620820040  0.705488518  0.125073586
248   1.7576587664  1.696977127  0.667816884
249   0.5669155181  1.044377455 -1.251472059
250  -1.1893477937 -0.029286565 -1.238278458
251  -1.6186064975 -1.208504143 -1.503778283
252   1.9755469176  1.659115129  0.857471184
253  -0.2368094852  0.204468582 -0.387647360
254   2.3334142870  2.400125288 -0.120391274
255   0.8730657247 -1.185005708  0.408058436
256   0.5677083092 -0.116988960 -1.076765397
257   0.5216107653  0.131573342 -0.753091064
258   0.3752956228  0.002180053  0.283547842
259  -0.4061203133  0.035188034  1.045259752
260  -0.0674812155 -0.169634772  0.651242270
261   0.8856946670  1.121888891 -1.210747610
262   0.6360656801  0.474185391 -1.397102424
263  -2.6776861176 -0.619851240 -0.658884413
264   0.0885014262 -0.421982313 -0.355557134
265   0.8923654161  2.399130911  0.651518423
266  -1.2026838930 -0.199769131  0.836243351
267   0.7172850709  0.017943374 -0.145605586
268   1.1981942630  1.227145330  1.379457461
269  -1.1128296909  0.466027301 -1.286013521
270  -0.7831177971 -0.537646962  2.288867008
271   0.5575938086 -2.037348744  0.172537997
272   0.0199979828 -0.290933240 -0.528029427
273   0.0556107697 -0.041764606  0.660727416
274   1.3920449480 -0.397648116  1.168836355
275  -0.2054443766 -0.801078666  0.674000081
276   0.4232763829  0.238861218  1.462576744
277  -0.5787529483 -2.277155432 -0.053377444
278   0.2991940992  1.291348687  1.132180319
279  -0.1541401778 -1.457253952  0.333391451
280  -0.6547364060  0.476517184  0.361792420
281  -1.8275560337 -3.109405768 -0.881496916
282   0.0300537448 -0.673465722 -1.261017761
283  -0.8601325277  0.751015686 -0.266021404
284  -0.4236471707  0.339367239 -1.749689703
285  -0.4817139979 -0.214689510 -1.094709357
286   0.2340235578 -0.003580834  1.843142449
287  -0.2188425657 -0.196449926 -0.370941970
288   0.8552357479 -0.659674704 -0.085265393
289   1.1812934573  2.862090407  1.118656493
290  -0.6247491001 -0.149366692 -0.609601012
291  -0.0359530789  2.091245795  1.482457928
292  -1.5587503937 -2.224019910 -0.824510246
293  -1.6721102162 -0.181763438  0.203858282
294   1.7889983361  0.263306176  1.516967805
295   0.4673406335  0.022547557  2.727118422
296   2.3692244634  0.191163581  1.821133951
297   0.7139253719  0.386166200  1.739710604
298  -0.3735761720 -0.731708500 -1.700352406
299   0.2884679766  0.237946006  0.109268050
300   0.1334042344 -0.137744510 -1.183455161
301   1.4387624254  2.038440673 -0.117666144
302   0.9364516069  1.016278844 -0.759460394
303  -0.8563327510  1.416434753 -0.891626406
304   0.7555280012  1.242086702  1.064109688
305   1.9196112813 -0.072909178  0.632178937
306  -0.1537736510  0.719166319  0.213741415
307  -0.2063449528 -0.323467453  1.465304505
308   1.4843855320  0.575518251  1.524262654
309   2.6765558323  1.276436991  0.872284733
310   0.4687298912 -0.620971929 -0.061196536
311  -0.6828204856  0.341480575 -0.634118024
312   0.7170453552  1.106194378  0.319712143
313  -0.8767456761 -2.002556265  0.735325941
314   0.3524662963  0.233448933 -0.256616780
315  -0.2765364503 -0.470668076  0.164759102
316  -0.2683927786  0.675246913 -0.051629321
317   0.5871617086 -1.043875232 -0.072715140
318   1.0258472469  1.640591788  0.544945805
319   0.2287535632  1.229286142 -0.063391805
320   0.4317151057  0.830831521 -1.757610390
321   0.1607653033 -0.050166713  1.094779450
322   1.0716557410 -0.866303012 -0.652315846
323   0.2173627605 -0.034369073  1.220535683
324  -0.1419891629  0.062805164  1.260966341
325   3.1754711376 -0.420557385  2.490992112
326   0.6365453828  1.163041084  0.842773382
327   1.0324853467 -0.451911614  0.554177523
328   0.5508126027 -0.349927690  0.386985621
329  -0.9555530515 -0.362654263 -0.082737383
330   0.6019461219  0.495016658  0.407037849
331   1.0760208961 -0.819605518  0.987451387
332  -0.4851642032 -0.877284726 -0.979114577
333   0.9769468999 -0.457313005  1.128493560
334   0.6954677221  1.075545344 -0.439951490
335   0.9330734241  0.446583612  0.073532936
336   0.4339602728  0.930893952 -1.592514948
337  -1.3351720901 -0.313896458 -1.142774814
338   1.0432212543  0.876893209  0.485624297
339   0.1781864831  0.267285399  0.496123399
340   0.1655059253 -1.759490165  1.640292754
341   0.3730463587  1.588257160 -0.016094078
342   2.4017351489  1.803041873  0.439093203
343  -0.0006296727  0.653159328 -1.185743531
344   0.5619699164  0.839062018  1.245393797
345  -0.3701620669  0.958346666 -1.851589647
346  -0.0150859372  1.070230954 -1.058734934
347   0.7113650701 -0.427521088  0.342716193
348   0.3331339042 -0.480672170  1.687579117
349  -0.4166382003 -0.905406715 -0.102037728
350  -0.2282731673 -0.671284672 -0.785706863
351   1.9382500514 -0.320476577  1.088649853
352   0.8521684343 -0.262492814 -0.068591952
353   1.0640531720  1.414404887 -0.139657022
354  -0.3856289141  0.290723877  0.060114606
355   1.1733750218 -0.709105450  1.213531288
356   0.8848917271  0.012515790  1.174137231
357   0.0193851105  0.187078863 -0.886382505
358   0.8814466491 -1.197650257 -0.907731739
359  -0.7156896537  0.989050273 -0.258195978
360   0.4803463870  0.901298379 -0.442860216
361  -0.6974580652 -1.890455132 -0.287527927
362  -0.5510805139  0.598946113  0.813799962
363  -0.2060484155  0.918869332  1.202744904
364  -0.1657277314 -0.152240248  1.315326937
365   0.8315424483  1.973766382 -0.275406993
366  -2.6600267465 -1.549358800 -1.858400224
367   0.6463741838  1.472615523  0.963512866
368  -0.8105212606 -0.114701696 -1.042286105
369  -0.7579444891 -1.156500365 -1.366246577
370   0.8298989703 -0.963679573  0.052821031
371  -0.0022198147 -0.634549455  0.296565015
372  -1.1907196273 -1.016133279  0.424093706
373   0.5451826747 -0.551346156  1.217099921
374   1.1819530452  0.711416297 -0.821199411
375  -0.7062263608  2.182070300  0.023404152
376   1.5717006766  0.505399172  0.199066180
377   1.0978905471  2.024109250  0.280951885
378  -0.9241487523 -1.182648178 -1.471334500
379   2.0699355697  1.278621993  1.437845678
380  -0.5445032429 -1.611946463  0.660316444
381   0.4529755597 -0.150003431  0.727320423
382  -1.9196757607 -0.997258016 -0.899053207
383   0.5909406014 -1.057587899 -0.268908778
384   0.2597570610 -0.755951042  0.960449599
385   0.6459680393 -0.734169964  1.940262612
386   0.3595278413  1.208701024 -0.568124930
387  -0.7369019348  0.177239953 -1.252866320
388  -0.7540471089 -1.224531741  0.272766953
389  -0.4705363937 -0.072091562 -1.512647128
390  -0.9721396017  0.003847919  0.065922551
391  -1.0945204510 -0.844883392  0.966104427
392   1.7243894973 -1.949511787  0.823533372
393   0.8931471146  0.239111425  1.255646252
394  -1.0501199933  2.201503492 -1.277484669
395  -0.5691761755  0.511331066 -1.059171502
396  -0.8088395504 -0.230041839 -0.252790735
397  -0.8922475349  0.476865907  0.885798207
398  -0.4552526601 -0.920040991 -1.401989528
399   0.8806772487  1.327052616 -0.601229652
400  -0.9703055280 -1.351640108 -0.868051432
401  -1.3590090613 -2.318828218 -0.854271431
402  -0.5609967878  0.355520368 -0.456224854
403   0.4126030313 -0.484291364 -0.696434110
404  -1.3298402525  1.533364541 -0.405978894
405  -0.8134992086  0.532954233 -1.195041572
406   1.7760113876  0.549917523  0.833512942
407  -0.4037945007 -0.448883969  0.987108021
408  -0.5810903238  1.440248947 -1.706610555
409  -1.4033183264 -0.370701841 -1.013629804
410   0.0335704360  0.137004095 -1.151106689
411  -0.7057320562 -0.820421911  1.182879481
412  -0.7879379201  0.620953830 -0.571175601
413  -0.5010846286  1.551733827 -0.218469851
414   0.5608216126  0.334556041 -1.502121912
415  -0.6188611007 -1.729094237 -1.063217880
416   0.4428163100  1.139377196  0.260656432
417  -0.5786217804 -1.914866449  1.169417671
418   1.9989038392  1.279609284  1.363125435
419  -1.1256360561  1.171156099 -0.025198276
420   0.3733665559  0.814792609  1.254489398
421  -0.3699502966 -0.343636138  0.881004832
422  -0.6546944216 -0.255643981 -0.202182859
423  -0.5320374434 -0.174010200  0.080851533
424   0.6121897897  1.667199307  0.511658877
425  -0.3519429680 -0.676472064  0.076000388
426  -0.6686813104  1.355421954 -0.228088542
427   1.5840429938  1.544747558 -0.291671760
428   1.9959200073  0.451338259  0.974494224
429   0.4876100536  1.831257821 -0.647448956
430   0.0360956814 -0.437843770 -0.929995132
431  -1.8089023751 -0.708430424  0.566857007
432  -0.4342221991  0.604836068 -0.722374049
433  -1.2496596629 -0.980011052 -1.824274162
434   0.3529689631  0.647598414  1.031297314
435   0.3816226036 -0.284396678 -0.752072979
436  -1.1474270771 -1.342530647 -0.064452574
437  -0.1730705721 -0.362841393 -1.256538563
438   0.0787059328 -0.943518444 -0.482692011
439  -1.2203217339  1.226150792  0.086468601
440   0.0903601109  0.852374767 -0.346422383
441  -0.8952590886  0.327593126 -0.498319347
442   0.2292248815  0.480993815  0.705901471
443   0.6788983642  1.259920276 -0.389095410
444   1.0737962409  0.266774527 -0.127762065
445   0.1958836049 -1.451817782  0.525308075
446   1.7293122915  0.711613800  0.814971654
447  -0.1289920142 -0.213271587  0.715051539
448   1.0629393410 -0.072975921 -0.031341912
449   1.1871036621  0.242096759 -0.501907445
450   0.7913296239  0.939934814 -0.792220665
451   0.1627329335  0.142300089  0.173060984
452  -0.1667094374  0.287641116  0.162478794
453   0.6239490648  0.777940396  2.256869604
454  -0.8054640461 -0.120275427  1.117191997
455  -2.9461534351 -0.342527213 -1.408100922
456   1.0801249299  0.435241950  2.026535032
457  -0.9131415934 -0.751382932 -1.173810004
458  -1.1089211813 -0.827507677 -0.177387121
459   0.4853755045  0.327453837 -0.711378186
460  -0.5979397478 -1.684413265  0.685349805
461   1.3906275197 -0.400723062  1.497105026
462  -0.1511324475 -1.292295127  0.323718673
463   0.8997325561 -1.101064040  1.596967006
464   1.5217047865  0.450627392  0.416230855
465  -0.3182414134 -0.311776376 -0.278251618
466  -0.4208749710 -1.745106525  1.683007087
467   1.8838981435  1.046799179  2.371911814
468  -0.9874567100 -1.292100866 -2.609781782
469  -0.3141199431 -0.514836659 -0.677325899
470  -0.6855227081  0.996239686  0.268995844
471   1.1550207301 -0.488292272  1.145296564
472  -1.3008172598 -1.534132843  0.119511998
473   0.2101452874  0.717540621  1.432105639
474  -0.3197782281  0.174869675 -0.163429651
475  -0.0327708971  0.664075654  0.025450171
476   1.1505114650  0.297520485 -0.321899010
477   1.0520555243 -0.187612196  0.186532912
478  -1.1570135157  0.822202403 -2.291654198
479  -0.8480918332  0.155242939 -0.321734693
480  -0.7755835368 -0.268213556 -0.067413217
481  -1.9918616368 -1.603734646 -1.074767400
482   0.2611128221  1.815367982 -2.652951848
483   0.9221888375  0.177506516  0.894048373
484   1.6624638843  0.474236458  2.138688294
485   0.9766123040  0.027188360  1.898483125
486  -0.8392135742 -0.731801708 -0.908465434
487  -1.5145773936  0.240743453 -0.624228468
488   0.0406069791 -0.111259531 -0.171688453
489  -0.2858512848 -1.689399403  1.470688115
490   0.7083101909  0.285498465 -0.295917128
491  -1.1201665421 -1.154950458 -1.093758521
492   0.1392792794 -1.124037096  1.874341345
493   0.4777396477  1.582468245 -0.151482592
494  -0.8230199594 -0.096097261 -0.579992246
495  -0.1124875590  1.059903983 -1.741692653
496  -0.0196764372 -1.340611834  1.046982089
497   1.7597977974 -0.167044548  1.264292231
498  -0.1494881059 -0.898175959  0.450083072
499  -0.3118435785 -0.749671907  1.191082492
500  -2.0257358792 -0.902918781 -0.037589535
501  -0.0893324896 -0.111628113 -0.930419162
502  -0.9472615245 -1.667074068 -0.151492987
503  -1.2314363090 -0.506587588 -0.605448862
504  -1.2887298318 -1.363244691 -1.521083822
505   1.2729173902  1.306220032  0.257600030
506  -0.4321489173 -1.005248172 -0.500168836
507  -0.5181228142  0.149632544 -0.464986638
508  -1.4337405097 -1.321285280  0.113165317
509  -0.4045283127 -1.244538141 -0.271466089
510  -1.3064973603 -0.925858004 -1.637918861
511   0.2963124135  1.364958823 -0.432050139
512  -0.3845705801  0.122045805  0.262506398
513  -1.3025063731 -1.044349630 -0.695327693
514  -0.0309312378  0.385264437 -0.027251434
515  -1.4147999726 -0.024619067  0.079462623
516   1.7889012834  0.095614550  1.662283993
517   1.6403597593 -0.026961975  0.748550883
518  -0.1790340321 -0.931375934 -0.680488232
519  -0.0806016793  0.493777678 -0.383397459
520   2.2145684964  2.363027556 -0.646973315
521   0.5131913527  0.513004859  0.227774736
522   0.3879778028  0.949641475  0.902779286
523  -1.0957387693 -1.236493685 -0.854985111
524   0.2251053656 -0.087205679  0.812690581
525   0.8968950107  0.410986030 -0.263194516
526  -0.8186384388 -2.145396277  0.565423146
527   1.3837873179 -0.514816984  2.512256987
528   0.8435208991 -0.266056993  1.598575585
529   0.6585977965  0.705436095 -0.192503406
530  -0.7911813223 -0.716840416  0.143174705
531  -0.7753169049 -0.879523910 -1.154880990
532   0.5684694429 -1.420457249  1.592720599
533   0.2194876656 -0.405105187  0.481533414
534   0.8203171538  1.079521072  0.608336573
535  -0.8677449735 -1.313508233  1.514851797
536   0.1761963381 -1.240405826  1.575774669
537   1.2214220543  1.304866021  0.534398709
538  -0.6465936445 -0.249942953 -0.735728589
539   0.0759558132 -0.001010334  0.957694457
540  -0.5659776334 -1.147186979  1.807835281
541   0.7313651577 -0.505223522  1.406263543
542   1.2885291731  1.578280512  1.324339017
543   0.6203966982 -1.839692578  2.027471728
544   1.6792273019  0.188899341  0.028318402
545   0.5589715802  0.709724952  0.468979820
546   0.5370369653  0.187290683 -0.297464083
547  -1.4547081563  0.279417744 -1.027386369
548   0.9713256675 -1.152300399  1.011229679
549   0.2817137533  1.579012271 -0.230602116
550  -0.6714790138  0.588884903 -0.205165962
551  -0.4811068510  0.220593417 -0.155069281
552  -0.0644685818 -0.281312577 -0.680954293
553   1.3032502858  1.115613016  1.773214399
554  -0.8792010976 -0.683764680 -0.289767197
555  -0.7696446344 -0.186413155  0.721205906
556  -0.4604627116  0.164808391  1.017028651
557   0.1597768504  1.208361257 -0.326626027
558  -0.6644778270 -0.235891577 -0.639854937
559  -0.4557662210  0.863724498  0.566992539
560   0.7975894964  0.271630696 -0.742366481
561  -0.1117664652 -0.361695375 -0.332002136
562  -0.4881985571 -0.280198372  0.486161224
563   0.2688921351 -0.589953096 -0.581601387
564  -0.4153964091  0.693038763 -1.292172892
565  -1.4399481028 -0.036709241  1.220594140
566  -0.8155832332  0.510116343 -0.901951089
567  -1.8467829750 -1.250679499 -0.006559182
568   0.0432832066  1.610796142 -0.453582622
569  -0.0019614663  0.524605187 -0.161345918
570  -0.6879725714 -1.462169418  0.203387338
571   1.3960002361  0.111165312  0.996861656
572   0.5178447970 -0.974553437 -0.733960169
573   0.6516969887  0.108973098  1.039406245
574  -1.5322700568 -0.138581019 -2.494758729
575   0.0582773218 -0.739205904 -0.410634267
576   1.3006032636  0.659865311  0.270104498
577   0.1758900734  0.622292943 -1.492541293
578   0.0164676075  0.706799903  1.143231699
579  -0.1573838060 -1.435124549 -0.189920812
580   0.4719017572  1.789248735  0.874211579
581  -0.9564265900 -1.249509861 -0.120884922
582   0.4702875122  0.179465700  0.210125334
583  -1.7456203652 -0.116392677  0.389222015
584  -0.8375512613 -0.448860736 -0.498668184
585  -0.9133219028 -2.125452924 -1.311010224
586  -2.1029044618 -1.140279036 -1.112277150
587  -1.0865667599 -2.092984772  0.038023846
588  -0.0277646434  0.872971072 -0.731688834
589   0.9697020664  0.911152179  1.577012932
590   0.5279276863  0.713008891 -0.419771650
591  -0.7088968259  0.205783210  1.567656707
592   2.3761604839  0.659515629  1.329101314
593   0.3145131138  1.077413749 -0.677215672
594   0.8830711341 -1.596392059  2.226838196
595   0.5693766027  0.585904920  0.229659659
596  -0.7613059586  0.397671539 -1.747742988
597   0.3683871768  0.172482920 -0.200298295
598  -0.1809848821  0.944138185  0.485972092
599   0.3882039824  0.223617761 -0.407144736
600   0.3576929478  0.903706614 -0.660964635
601  -1.4908916787 -0.139782075 -1.323178283
602  -0.8857714044  0.132575945 -0.037018534
603  -0.4304321724  0.136888564  1.424987583
604  -0.1537204493 -0.886453061 -0.693901229
605   0.2770107816  0.334586887 -0.179644612
606  -0.8248479330 -0.637783848  0.302962945
607  -0.2066706996 -1.470553062 -0.653527185
608  -0.1131738380  0.924788543  0.505747942
609  -0.0395983533 -0.807845279 -0.024299214
610   0.0353325709  1.004094378  0.091841838
611  -0.1319062469  0.963527808  0.035679736
612  -0.6845633440 -1.414647737 -0.964768886
613  -0.1959714439 -1.061579237  0.255183116
614  -1.5648584643  0.009390574 -0.337633919
615   2.3812823020  0.189515056  1.366119384
616  -0.1539778731 -0.328017311  0.759905487
617  -0.9185089296 -1.035251217 -0.798952578
618   0.0637406598 -0.301977034  0.137643930
619   0.5153609252  0.576552474  0.146552775
620  -0.2645826240  1.311453210 -1.529129422
621  -0.2096070744  1.065569448 -1.234340426
622   0.4080812391  0.642227631  1.600085069
623   0.1842772674  2.010336614  1.250760273
624  -0.7851978428 -0.565113854 -0.446149048
625  -2.0930640864 -0.836578585 -1.928090785
626  -0.2224409035 -0.319506805  0.350841451
627  -0.6588493924 -1.133379993  0.857394822
628  -1.5533280754 -0.716576863 -1.838813563
629  -0.7230619520 -1.389795044 -0.368039992
630  -0.8100095934  0.377692228 -0.335557246
631  -1.3095701450 -1.977329700 -1.033747537
632   1.6247840930 -0.259163368  0.701400108
633   0.0294205691  0.087442530 -0.727475428
634  -0.6144132119  0.434342637 -1.671767369
635   0.0685113390  0.533541210  0.738238676
636  -0.4138208809 -0.686021625 -0.506851947
637  -0.5764838636 -1.165869012  0.601093858
638  -0.8436874187  0.400956688  0.096053962
639   1.3746646143  2.247964122  1.258526448
640  -1.0017760562 -0.503422563 -0.451428188
641  -0.8197204001 -1.834736204 -1.024522833
642  -0.8190176735  1.429370541  1.035453628
643  -0.3309706821 -0.169197090 -1.276428319
644   0.1960198993 -0.522049571 -0.532229705
645  -1.1517504221  0.463758434 -1.058967072
646  -0.5992931894  0.657795511 -1.891021744
647   0.3073870121  0.907875885 -0.429089693
648   0.7095703516 -2.444535507  2.672850828
649  -0.2620935379 -0.594113740  0.094905378
650   0.0600182116  0.573269009 -0.758947522
651  -0.2181965899  1.105014040  0.240614790
652  -0.3206778759  0.030049755  0.305489328
653  -0.9035857745  0.604106555  0.699957143
654  -1.3911007509 -2.381431873  0.666015187
655  -0.2157982893 -0.224867910  0.086414748
656   0.4550366511 -1.009527560  0.067825830
657  -0.3872963553  1.014093672  0.595888779
658  -0.9434774168 -0.598132708  1.335648759
659  -0.2165660974 -0.694074771  0.120799929
660  -2.0340554586 -1.162991238  0.078961539
661   0.0316812948  0.494855856 -0.686572567
662  -0.0775634526 -0.026868851 -0.055680228
663   0.6942245916  0.713366600  1.379008277
664   0.4324766090  0.987894507 -1.565216538
665  -1.3928776805  0.759134327 -0.464942272
666   1.4051837951  1.067717855 -0.834182302
667  -1.0221979032 -1.335815377  0.015284771
668   0.3016431864 -0.494516100 -0.628849783
669  -0.7931559579  2.031604576 -1.291305300
670   2.2415649676  2.436051913 -0.350745851
671  -1.0233664706 -0.523137234 -0.298967209
672   1.1808775093  2.067519560  1.407621519
673  -0.6700681558  0.740031570  1.144101113
674  -1.9921088935  1.098030632 -0.507544366
675  -1.7072647261 -0.218046337  0.230021046
676  -0.4768573242 -0.364725326 -0.047002268
677   3.1479079710  0.742964134  2.231264603
678  -1.9203620541 -1.115979208 -1.003559617
679   0.4820868750 -1.382521466  1.886885004
680   1.0377911867  0.013225964 -0.083596410
681   1.1039821605  0.806211153 -0.937306065
682  -1.2080404085 -1.048228053  0.558232606
683  -1.5882026171 -0.499749091 -0.865555598
684  -0.0528432006 -0.110641920  0.753668092
685   0.3530649812  0.608498515 -0.190205127
686   1.3305261746  1.170474991  0.415759065
687  -0.1956515115 -0.385798401  0.681577798
688  -1.2428856872 -0.509557285  0.833620447
689  -0.1660344929 -2.140329742  0.651325887
690  -0.7476708927 -0.187599626 -0.454406584
691   0.6344275504 -0.981306098  0.888886072
692   1.1020243319  1.107957972  0.525416408
693  -0.3389233575 -0.025041861  2.022186227
694  -0.1097657074  0.173065039 -0.217589381
695   0.9074681318  0.567720735  1.896315488
696   0.2286879647 -0.528732807  0.342962930
697   2.8435010546  0.312640675  2.653660015
698  -0.4000756373 -0.255220549  0.153387945
699  -0.3144169800 -0.429340311  1.313206864
700  -0.5757443354 -0.967577034 -0.955807881
701   1.3935172978  2.244889873  2.745514505
702  -0.0725808264  0.195908938  0.491979921
703  -1.0834747469 -0.701459612  0.871452862
704   1.6415426757  1.096352813  0.325371435
705   0.9436890958 -0.148820617  0.903770033
706  -0.1621501580  0.183781228 -1.249282388
707  -0.3223285933  1.952913192  0.240782545
708  -1.2446351505 -0.213845360 -0.202186965
709  -1.5797210748 -0.701691980 -0.049058328
710  -0.6162536807  0.453672799 -1.007130349
711  -0.0928804960  0.372766334 -1.439496086
712   0.7433903120  0.164909508  1.571375285
713   0.6750748453  0.120555348  0.894834785
714  -0.1145086847  0.690770306 -0.491799542
715  -0.4080363103  0.977653814 -0.095405487
716   0.5086395815 -0.155322473 -0.456286527
717  -0.5546578698  0.007461275 -0.214884728
718  -1.2070143153  0.558645039  0.279569100
719  -0.4951873262 -0.121371977 -0.605077138
720  -1.3136538918 -0.433725346 -1.235079647
721   0.8845896780  0.636167814  0.407806545
722   0.0199378910  1.459142109 -1.044099065
723  -0.1182920754 -0.107011125  0.398985727
724  -1.3611527803 -0.273005426 -1.475368059
725   1.9027783223  1.965759074  1.016857039
726  -1.3732856641 -0.280760763 -0.357657180
727   1.2162473097  0.950232152  0.950364746
728   0.0871759719 -0.355242273  0.665185358
729   0.1631581263  0.510972182 -0.196139663
730  -0.9108384331 -0.221122729 -0.824367013
731  -0.0085918389 -1.632703922 -0.347461930
732   0.1082643299 -0.223862802 -1.404785685
733   0.0210139212  0.281855614  0.336135198
734   0.2334060934  0.809498421 -1.480739044
735  -0.2995159909  1.605859713 -0.498633260
736   0.0233301280  0.214547513 -1.561610021
737  -0.0898706239 -0.773398571 -0.436246155
738   0.3709728934 -0.409801632  0.076846105
739   0.7918491717  1.665740465  0.445473090
740  -0.9799053108 -0.200556111  0.717128012
741   0.9728403014  0.994814319  0.831361877
742   0.7944181764  0.219250518  0.156001555
743  -0.3336385161 -0.224047342 -0.300310269
744  -1.3162405006 -0.518731977 -0.373049196
745  -1.8807012447 -0.484619650 -0.202644881
746   0.9696911654  0.279483682 -0.707432165
747   0.6977287990 -0.270357670  1.191069270
748   0.2784877156  2.150932568  0.103964229
749   1.5395936259  0.957865964  1.020068676
750  -0.2646427310  1.747350887 -0.235839183
751   0.8361861407  0.247612401  0.370338760
752  -0.4518181831 -0.108564757 -1.012515656
753  -1.4407087336 -0.062507216 -1.531805350
754  -0.6889119488 -0.214031107 -0.830869121
755   0.0649870582 -0.942386184  0.433482057
756   1.5783506477  0.776084120 -0.284809723
757   0.4793808548 -0.402394294  0.308096597
758  -1.4937796844 -1.063541966 -1.435216752
759   0.6427849990 -0.092971847  1.273645542
760  -0.5240671331 -0.640181900 -1.097358055
761   0.1234392698  1.998706052  0.522793741
762  -0.5686269681 -0.956628255 -1.279505273
763   1.0727681969  1.490127751 -0.184143781
764   0.6108260705 -1.826785451  0.223920649
765   0.9925120496 -0.223555261  2.696644867
766  -0.3099047228 -0.156510267 -0.493521107
767  -1.2918449804 -0.283792464 -0.492578483
768   2.0131032283  2.445211188  1.802270730
769   0.3882550119  0.853773194 -0.241830350
770  -0.8938760511 -0.715131332 -1.172249771
771   0.3232637649  0.915583966 -1.088907879
772  -0.5537206338  0.083229483 -0.790368992
773  -0.1767153508 -0.896859249  0.232734942
774   0.0180622855  0.884203925 -0.652783876
775   0.9251152011 -0.271287690 -0.253639573
776   1.1570712435 -0.159298717  0.837985819
777  -1.0730268629 -1.181201419 -0.085851084
778   0.9142566677  0.072492339  0.040433380
779  -1.3410615465 -1.120280610 -2.282420881
780   1.3805633998  0.345213538  0.074198406
781  -0.1764715109 -1.186216699  1.270504145
782  -0.1037962249 -0.684828914 -0.826373345
783   0.3993013606  0.930767568  0.409059014
784  -0.0434463712  0.852163212 -0.365965578
785   0.5200920555 -0.256227309  0.442075056
786  -0.3612685113 -0.837538246 -0.112268367
787  -0.4471728131 -0.743901172 -0.532373288
788   0.6150836681  0.045817790  0.062761566
789  -1.4125140567 -1.724432120 -1.022189703
790  -0.1580654924 -1.417839949 -0.123109248
791   1.9514967059 -0.113445067 -0.275903193
792   2.0251049380  0.725867928  2.679883032
793   0.1096488892 -0.607204562  0.066440381
794  -0.9233497783 -0.125436189  0.164164436
795  -0.6856294806 -0.007162969 -0.730758266
796   1.1291441562  0.018213593 -0.721163371
797   0.5792433687 -0.269789002  0.252427901
798  -1.1890931537  0.010219208 -0.348976563
799  -0.4981018315  0.930077421 -2.094738086
800   0.5840236004  0.803323069 -0.904523167
801   0.3896636376 -0.116016876 -0.981227618
802  -0.5654671107 -0.434889110 -0.766413891
803   0.9254510933 -0.014926448 -0.878744152
804  -0.7978039382  0.186155547 -1.538842396
805  -1.2409479940 -0.729034388 -1.169063783
806   1.4343595805 -0.199066906  1.661910022
807  -1.3651939361 -0.323695343 -0.600222356
808  -0.6535762991  2.473643014 -0.626997711
809   1.4039500484  2.277725134 -0.381966175
810  -0.7901028950 -1.038287512 -0.148530292
811  -0.3605718069 -1.204548519  0.941770525
812   0.1766806002  0.079036163  1.344100047
813   0.3564996025  0.425308675  0.165408643
814  -1.0785064114 -0.640127177  0.345300647
815   1.7767256320 -0.858852038 -0.093702273
816  -0.7801438630 -1.311345428 -0.869083397
817  -0.7219035350 -0.001916640 -0.323070569
818   0.3696212207  0.016379928  1.371130388
819   1.2194659722  1.904206653  0.538968418
820   0.6140563284 -0.285911344  0.433754068
821   0.4898258063  1.369131655 -2.413936128
822  -0.6891233145 -0.100596571  0.313758786
823   2.1890189071  0.867068304  0.352892365
824   2.2301903060  0.825363145  0.131663782
825  -1.3575841815 -0.558685813 -1.337573653
826  -0.0952035650 -0.397437616  0.180796444
827   2.7840514113 -0.539200689  1.731969251
828   0.3909928792 -1.180914138  0.264807910
829  -0.3519380781  0.151173353 -0.656423132
830   0.4676254535  1.300349255  1.756001515
831   0.3832956526  1.197512453 -0.123370577
832   0.2714953504 -0.976123182 -0.074720213
833   2.2861717956 -0.478263906  1.291507694
834   0.8498769516  1.101650292 -1.474737798
835   0.9485912317  0.120053607  1.128113480
836  -0.0423009774 -1.165484201 -0.732724137
837  -1.1034591859 -0.566909751 -0.859147276
838   0.2684954576  0.442055004 -1.177433310
839   0.5217082937  0.744579361 -0.365747752
840   1.8496049156  1.850974318  0.211435000
841  -0.2990807977  1.856947602 -0.072786183
842   0.1010919553  1.132868722  0.620432618
843   0.0304794335  0.398251373 -1.284160379
844   0.3032042735  0.445870899 -0.210572283
845   1.3996870617 -0.557928646  0.239867882
846  -1.3441391617 -1.980499423 -0.331224445
847   0.2757210193  0.998709174 -0.414156261
848  -0.3649208634 -0.370327460  1.173782092
849  -0.1445554594  0.891165924 -1.779705763
850  -0.2289299303 -1.247672185 -0.716593195
851   0.6482158350 -1.510424477  0.564375543
852   0.5628958089  1.586313838  0.712981354
853  -0.2871199189 -0.060545041  0.121896478
854   0.3290267667 -0.093552322  0.762938512
855  -2.2250871504 -1.585628621 -0.190219940
856  -1.9623209512 -0.908155296 -0.206525777
857   0.8521800425 -1.696462042  0.011536344
858  -0.6326345892  0.751673750 -0.484570857
859   0.0133717568 -1.867979436  0.372728742
860  -0.4391705863 -0.466656783  0.534234889
861  -0.5389391765 -0.585211637 -0.919555698
862  -0.3684027994 -1.088627937 -0.156687060
863  -1.2381663953 -0.730432230  0.249909124
864   0.8505496061  1.815042174 -0.315497322
865   0.4642964576 -1.180184954  1.831385736
866  -0.4741207450  0.447845789  0.837857215
867   0.0529799425 -1.287648511  0.290688630
868  -1.3087721441  0.327040783 -0.569512264
869  -0.9984920105  0.562383976 -0.610923092
870   0.8740168534  2.299256151 -0.854643423
871  -0.0050741981  0.304838651 -0.839585639
872  -0.5477891185 -0.087506374 -0.580055470
873  -0.6105927564 -1.353786624 -0.070726063
874   1.6822114805  1.667288154 -0.350170852
875  -0.2521657226  0.003464217  0.764924440
876   0.6927403940 -0.248796201  0.523404285
877  -0.0366222316  1.155990194 -1.340055756
878  -0.4682936671 -0.634787885  0.977407805
879  -0.9446326102  0.114523117 -0.046698325
880  -0.9329796404 -0.069994836 -0.631591743
881  -1.3964829052 -0.526247892 -0.399849571
882   0.6552856711  0.321171553 -0.997861931
883  -0.7707390443 -0.383702378 -0.592925334
884  -0.1173282945 -0.726873709  0.525214082
885  -0.5313692453 -0.844158822 -1.083265430
886  -0.2965108614  0.203961035  0.504871821
887   2.1238200303 -0.437652416  1.101238023
888   0.5075736879 -0.268757762 -1.349726819
889   1.0834110168 -0.145293998  0.976791059
890   0.2863233281  1.463682147 -0.119857631
891  -0.1740006162 -0.779237657 -1.186211775
892  -0.1809189652  0.244802678  0.157178172
893   0.0611027877 -1.039224467 -1.452990045
894  -0.9580353215  0.764277454 -2.287139343
895  -0.5642374037  0.704184071 -0.494865108
896   1.3458398306  1.145416873  0.399841818
897   0.2417215378 -2.181100528  0.348910967
898   1.0421525678 -0.637904933  0.279980806
899  -0.3456833495 -1.143886934  0.137373219
900   1.0327860064  0.596057676  0.829086700
901  -0.2132638362  0.161216615  0.277287907
902   0.6622901373  1.064276423 -0.966173338
903   0.2232806710  0.265393661 -0.118985154
904  -0.6852487496 -1.175652644 -0.141168116
905  -1.2200554519 -1.039187953 -0.125328505
906   0.1906024391  1.510245355 -1.401047551
907  -0.5243019039  0.244396765 -1.310178336
908   1.3313676149 -1.232652413  1.695239090
909  -0.6959084906 -0.426466188  0.371697113
910   1.1415675682 -0.091245119  0.553163480
911  -0.9785352923 -0.966486926  0.360119758
912   1.4900286630  0.856569365 -0.419156721
913   1.9632052071  2.047922430  1.173544390
914  -0.4228738406 -0.025282666 -0.463149306
915   0.7742182520  1.441411432 -0.940634018
916  -0.5636819156  0.954733675  0.676876379
917   1.3059551273  1.366485609  1.831122288
918   0.5231648837  0.729037805 -0.037221842
919  -0.2461789943  1.319788936  0.289375824
920  -1.8323445560 -1.373555465  0.237930316
921   0.2540673005 -1.840709527 -0.097841105
922  -0.5451562964 -0.692159731 -1.223131487
923   0.2595808685 -1.228015873 -0.046059761
924  -1.6922909555 -0.808851394 -1.157783810
925   1.1527072123 -0.326091100  0.594094509
926  -2.1285398191 -0.235218423  1.394413539
927   0.7334357536  0.505677721 -0.656260401
928   1.6886227145  0.499382638  0.424189562
929  -0.6855041782  0.630837246 -0.894931600
930  -0.3660546645 -1.052960392 -0.212131357
931   1.8590669512  1.536369349  1.146070358
932   0.8563163425  0.784796105  0.101393538
933   1.4780953615  0.952465939  0.520492967
934   0.3101413687 -0.528168634  1.224998318
935  -0.4844732901 -1.124995519 -0.683771921
936   1.6997181039  0.320299356  0.963257098
937  -1.4253816660  0.340955642 -1.585951084
938   1.2549566714  0.227790435  0.129011296
939  -0.9683029985  1.257643850 -1.018679936
940   1.2853941165  1.287394647  0.174380620
941  -0.2138294670 -1.162243459  1.337310891
942  -0.6763488432 -0.623858273  0.105518224
943   1.7286186838  1.082785174  0.383710364
944   0.6060003357  0.607546823  0.290668507
945  -0.3595152422 -0.357746644 -1.366060347
946   0.8588245230  0.622689159  0.664956830
947  -0.2404960934 -0.112683730 -0.622424271
948   1.3808857889 -0.116874977  0.529139990
949   0.2400727415  0.431916013  0.208398888
950   0.4717379675 -0.453063673 -1.351125373
951   0.1490304316 -0.193108961  0.643111725
952  -0.1002593931  0.407521671 -0.668998646
953  -0.2921612831  1.912142698 -0.479245628
954  -1.0237402537 -1.495147192  0.049254956
955   0.6268226287  0.492698353 -1.679453250
956   0.3979774125  1.515650040  0.050725039
957   1.0148160787  0.458295117 -0.040971670
958   0.3937650809 -0.177266972  1.207107140
959  -0.4604724079 -0.125723550  0.257892351
960  -0.7948014459 -0.231471081 -1.030123762
961  -0.2371386213 -0.334697336  0.713052344
962  -2.1304588173 -0.837602701 -0.602923645
963  -1.2555121945  0.202107795 -0.285916052
964  -1.5143553395 -1.710745776  0.358998561
965   0.2910929882 -1.202648757 -0.667796595
966   1.9847531736  0.694131908  0.398254855
967   0.2992490538  0.804396003  0.244354633
968  -2.1340494071 -1.453715168 -0.241735365
969  -1.9915143946  0.091344394  0.358505987
970   1.4712118038 -0.947697641  0.387489628
971  -0.2600185145 -0.519603978  1.310090867
972  -1.0329056300 -1.022921549 -1.258811869
973   0.3475490350 -0.834679628 -1.002965285
974   0.5086762393 -0.203792373 -0.006146692
975   0.6814799784  0.472693546  0.146363179
976   1.0208930442  2.584148725  2.428409123
977   0.3024050173 -0.844348261  0.734905311
978  -0.3660255828 -1.876822479 -1.084903515
979   0.9667524684 -0.370197186  0.264149989
980   1.7978279306  0.501746957  0.667286797
981  -0.5220859000 -1.685779907  0.444407350
982  -1.0212457773 -0.699961704  1.398924628
983   0.8224891650  1.740550744 -0.472083147
984   0.0012023718  0.870920205  0.549490620
985   0.4480356471  0.903289094  1.053492140
986  -0.6937262103  0.428433026 -1.337652455
987   0.3705996418  0.259521095 -0.342173326
988  -0.8065148538 -0.166536981 -0.633231781
989   1.0340270401  0.051038843  1.268844660
990  -0.8916783152  0.565046974 -0.643944799
991  -2.0869786404 -0.101457780 -0.561638251
992   0.2714643409  0.567173185 -0.699528887
993  -1.0344952994 -2.333501552 -0.216874994
994   1.0740755032  0.898181160 -0.858153509
995   0.4280765546  0.964533127  0.744417473
996  -0.7582876812  0.439191854 -2.512361810
997   0.8952800582  1.268931557 -0.155124102
998   0.0068319512  0.441635709 -0.678760735
999  -0.4624287745  0.389596367 -0.762674222
1000 -0.9582512641  1.437740734 -1.860620026
   rSR rSH rRH          c1            c2
1  0.2 0.0   0 -0.06643571 -0.0074435536
2  0.2 0.1   0  0.03620070 -0.0158784494
3  0.2 0.2   0  0.14018951 -0.0245265597
4  0.2 0.3   0  0.24548118 -0.0336953021
5  0.2 0.4   0  0.35201887 -0.0437444265
6  0.2 0.5   0  0.45973571 -0.0551268959
7  0.2 0.6   0  0.56854964 -0.0684646496
8  0.2 0.7   0  0.67835134 -0.0847153596
9  0.2 0.8   0  0.78896933 -0.1056354192
10 0.2 0.9   0  0.90001229 -0.1357475575
11 0.2 1.0   0  0.98652192 -0.1920593366
12 0.3 0.0   0 -0.06625488 -0.0037825351
13 0.3 0.1   0  0.03925224 -0.0238837698
14 0.3 0.2   0  0.14619468 -0.0444048985
15 0.3 0.3   0  0.25455049 -0.0656396983
16 0.3 0.4   0  0.36429335 -0.0879327359
17 0.3 0.5   0  0.47539169 -0.1117221750
18 0.3 0.6   0  0.58780646 -0.1376212154
19 0.3 0.7   0  0.70148463 -0.1666050962
20 0.3 0.8   0  0.81633519 -0.2005707511
21 0.3 0.9   0  0.93207744 -0.2452098107
22 0.3 1.0   0  0.99325497 -0.2811119284
23 0.4 0.0   0 -0.06670026  0.0001316645
24 0.4 0.1   0  0.04471315 -0.0334146487
25 0.4 0.2   0  0.15772096 -0.0676426111
26 0.4 0.3   0  0.27232346 -0.1028418824
27 0.4 0.4   0  0.38851804 -0.1393530357
28 0.4 0.5   0  0.50629978 -0.1776149488
29 0.4 0.6   0  0.62566158 -0.2182589010
30 0.4 0.7   0  0.74659155 -0.2623405560
31 0.4 0.8   0  0.86905371 -0.3121351807
32 0.4 0.9   0  0.99270512 -0.3777806037
33 0.4 1.0   0  1.00925437 -0.3662242156
34 0.5 0.0   0 -0.06795324  0.0045437863
35 0.5 0.1   0  0.05371839 -0.0458050036
36 0.5 0.2   0  0.17726581 -0.0972028976
37 0.5 0.3   0  0.30270749 -0.1499435121
38 0.5 0.4   0  0.43005793 -0.2043723648
39 0.5 0.5   0  0.55932909 -0.2609426278
40 0.5 0.6   0  0.69053113 -0.3203336873
41 0.5 0.7   0  0.82366820 -0.3837813236
42 0.5 0.8   0  0.95868860 -0.4545666501
43 0.5 0.9   0  1.04390938 -0.5010192582
44 0.5 1.0   0  1.03444760 -0.4485712103
45 0.6 0.0   0 -0.07037990  0.0098693436
46 0.6 0.1   0  0.06870116 -0.0636377241
47 0.6 0.2   0  0.21016647 -0.1387753944
48 0.6 0.3   0  0.35404676 -0.2158469374
49 0.6 0.4   0  0.50036050 -0.2952062635
50 0.6 0.5   0  0.64911278 -0.3773274429
51 0.6 0.6   0  0.80028633 -0.4629706806
52 0.6 0.7   0  0.95379097 -0.5537688080
53 0.6 0.8   0  1.10802830 -0.6625788950
54 0.6 0.9   0  1.08497668 -0.5899316164
55 0.6 1.0   0  1.06855325 -0.5295106279
56 0.7 0.0   0 -0.07477944  0.0169467639
57 0.7 0.1   0  0.09556111 -0.0929308067
58 0.7 0.2   0  0.26929931 -0.2055157669
59 0.7 0.3   0  0.44645676 -0.3211139560
60 0.7 0.4   0  0.62700428 -0.4400606211
61 0.7 0.5   0  0.81083317 -0.5628033758
62 0.7 0.6   0  0.99763885 -0.6901490468
63 0.7 0.7   0  1.18581730 -0.8251796254
64 0.7 0.8   0  1.16999838 -0.7616683158
65 0.7 0.9   0  1.13587501 -0.6789793391
66 0.7 1.0   0  1.11114342 -0.6103539106
67 0.8 0.0   0 -0.08326342  0.0279191738
68 0.8 0.1   0  0.15251962 -0.1520092513
69 0.8 0.2   0  0.39419186 -0.3371954224
70 0.8 0.3   0  0.64162666 -0.5278345776
71 0.8 0.4   0  0.89439590 -0.7239512528
72 0.8 0.5   0  1.15135722 -0.9252719497
73 0.8 0.6   0  1.40375124 -1.1289524077
74 0.8 0.7   0  1.30785854 -0.9792532913
75 0.8 0.8   0  1.24239039 -0.8630958504
76 0.8 0.9   0  1.19587982 -0.7695540379
77 0.8 1.0   0  1.16171037 -0.6922297983
78 0.9 0.0   0 -0.10430104  0.0512815985
79 0.9 0.1   0  0.33373193 -0.3351502249
80 0.9 0.2   0  0.78766156 -0.7369210661
81 0.9 0.3   0  1.25488546 -1.1518844703
82 0.9 0.4   0  1.72586980 -1.5715309514
83 0.9 0.5   0  1.70941831 -1.5046192508
84 0.9 0.6   0  1.52764962 -1.2704527350
85 0.9 0.7   0  1.40750968 -1.0995750531
86 0.9 0.8   0  1.32422671 -0.9679884662
87 0.9 0.9   0  1.26426722 -0.8626830722
88 0.9 1.0   0  1.21972038 -0.7760308119
   rSR rSH rRH    c1     c2
3  0.2 0.2   0 0.140 -0.025
5  0.2 0.4   0 0.352 -0.044
7  0.2 0.6   0 0.569 -0.068
9  0.2 0.8   0 0.789 -0.106
25 0.4 0.2   0 0.158 -0.068
27 0.4 0.4   0 0.389 -0.139
29 0.4 0.6   0 0.626 -0.218
31 0.4 0.8   0 0.869 -0.312
47 0.6 0.2   0 0.210 -0.139
49 0.6 0.4   0 0.500 -0.295
51 0.6 0.6   0 0.800 -0.463
53 0.6 0.8   0 1.108 -0.663
69 0.8 0.2   0 0.394 -0.337
71 0.8 0.4   0 0.894 -0.724
73 0.8 0.6   0 1.404 -1.129
          S            R            H
S 1.0000000  0.396964261  0.800783187
R 0.3969643  1.000000000 -0.001912714
H 0.8007832 -0.001912714  1.000000000
                Estimate  Std. Error     t value  Pr(>|t|)
(Intercept)  0.002487991 0.001540098    1.615476 0.1062109
S            0.952620243 0.001680568  566.844185 0.0000000
R           -0.381058718 0.001684935 -226.156386 0.0000000
[1] 0.4
[1] 0.4
[1] 0
(Intercept)           S           R 
        0.0         0.5        -0.2 
[1] 0
[1] 0.5
[1] -0.2
(Intercept)           S           R 
        0.0         0.5        -0.2 
[1] 0
[1] 0.6
[1] 0
(Intercept)           S           R 
        0.0         0.6         0.0 
