"id" "csd_mean_n" "csd_mean_e" "csd_mean_o" "csd_mean_a" "csd_mean_c" "sccs" "csd_nob" "simpson_csd" "rses" "swls" "pa" "na"
1 0.79309979915499 -0.875533900687168 -0.732733102643874 0.849013844908703 -0.0492386288291377 3.07744911283176 -1.04711359062743 1.31518008174595 1.80192914517347 0.466880857399669 2.32759188427814 0.599735644669966
2 0.0384368414759949 0.788390456341582 1.11407753323473 1.22658542110533 -0.215800723580408 2.55485939975855 0.438546775700866 0.422840228773344 -0.894728381387209 -1.07289994496582 0.537578617769642 1.15660906509776
3 -0.16816299181802 0.0313446839741886 -0.281042036472996 -1.27941767070771 0.0809770830406314 2.80887046189352 -0.33780518841252 -0.118307690254848 -0.47253781279156 0.458505667493202 -0.150933762659666 -1.71383683975675
4 -0.584189408985592 0.488947815943938 -1.09100027664817 0.184011110654948 -1.03055273658386 2.67649778398758 -2.37947638574378 0.576005728308136 -0.108508800819902 -0.618805090882675 -0.52794019949943 0.600073975344566
5 0.891898666517829 0.771469878691198 0.239222737737268 -0.7490257660595 1.15321130232285 3.23713914601276 0.259344892403064 -0.788614207390695 0.237583034706238 -0.679937391524609 -0.535056473700789 -0.517072254128232
6 1.13933307604848 0.247834608669137 -0.0532176840575105 -0.608148531230079 0.646328884938565 3.57576446164616 -1.10300468277767 0.264917112495371 -0.798348314380711 0.414206182097416 -0.619871253094748 -0.0595924608676152
7 0.0194424834681 0.447831638138293 0.0403178822322321 0.419863624728317 0.0788285553783438 2.76968425315187 0.922301059107954 0.166466198021097 0.929332179663478 0.366427285746921 -1.09414715458447 2.24501021264297
8 3.27178275094146 -1.16256526522146 0.215454744346174 0.841849795634128 0.945405729852455 1.89236880757714 -2.45149100964402 -2.34502321435256 -0.379689160135705 -0.248906664495431 0.174764410984371 0.252268328862678
9 -0.00299321217346231 -0.0617882821038358 -0.394021000135933 0.380156936736672 -1.22214879072262 2.57724361374293 -0.131003819224936 1.89663701960685 0.985170574488639 -0.736329424522719 -3.18918610643503 0.810778900487395
10 2.9238239501318 -0.616103464566919 -0.326590873793965 -0.534844330403008 1.08512896360543 2.53286205266313 -1.05339701036674 -1.33156143483864 -1.62921830722764 0.194005755434863 -1.16944424186678 -0.989657753295806
11 -0.133879522065291 -1.30482930362763 0.648003818354912 1.12971200930182 0.212001873527642 3.59037739362883 1.12716590131421 -2.62587763955897 -0.162234665329609 -0.0487537818800853 0.991563499846736 0.430177724937883
12 -1.57070706216679 -1.16898434302642 1.62673701629703 1.03188963184648 0.503221026911538 3.07149684197883 -0.727834639228732 -0.000342472147151789 0.345774730922208 0.95950047987295 0.149196928334611 -0.123568108208646
13 -1.42476658017077 0.937609547717227 -1.92569377349633 -0.989382575570002 -0.455711994077975 3.78236872969907 0.935340589208178 0.107412294687636 -0.492190924375357 -0.632083935907471 0.554631070423332 -0.231929337704031
14 -0.871469943087801 -1.3005469870359 -0.135680412514509 0.31316852556151 -0.782293586541174 3.20045206377269 -0.468292103835751 -0.0080054312303214 -0.478686769821278 -0.123067474017374 -0.589690702483591 0.557947656995286
15 1.47840798244259 -0.404328026761701 0.979682304928802 -1.15966477035314 -0.54620305037046 2.22622138964387 0.12982106876817 0.140564613848128 -0.637734260110071 2.2707832168022 1.40956455320645 -1.50429536972134
16 1.70332330212618 0.982565049225279 -1.17921193210068 1.46673353907052 1.03625304627522 3.24745530912922 1.46235284119442 -1.18492733798134 0.103420706841276 -1.28391642562985 -0.297443677420138 1.39052776902899
17 0.397608592961342 0.329259493151393 1.16681337455667 0.270059578028115 1.09077665503263 2.62607305257467 -0.682169375643072 0.592497104156848 1.26229835926168 0.317251422360256 0.587354813049546 2.28263600626823
18 0.308495292568104 0.652347233454389 -0.379227415297271 1.06713532118701 1.55487239810675 3.00030167969518 1.81861838674073 1.38068758134306 -1.02429911136656 0.410650514231095 0.0136732767186403 -0.441200580779908
19 -0.536955292638044 0.33137935811481 0.70775212141734 0.388143801506102 -0.0619972054953878 2.94917331443762 0.986158368247289 -0.838728583550592 -0.0990034590490781 -0.448890499888346 0.479094516876518 0.518804573838924
20 -0.676675596367901 -0.148875337173038 1.47376577810174 -0.108270386698755 -0.756056442753469 2.92797092868517 1.28460132176685 0.30587423629278 -0.482566864635336 -0.709676063028738 -0.441453852528097 2.053861151768
21 -0.717903102159638 -2.19971757795955 0.898576833356327 0.750488542155902 1.47246617375261 2.83431547163307 -2.24640056940027 -0.270900317647183 1.41320322147466 -1.45720406104054 1.24400780549596 -0.882059097299561
22 -0.870549994900966 -0.608838514896523 1.21431502306541 -1.10331774675753 -1.55194489509854 3.96060407730661 -0.168516631588257 -0.060785904550875 1.9277281824019 -1.41759645000403 -0.517633734430542 0.0471264794105824
23 -0.539922449848325 -1.37830797006746 -2.2078270583898 -1.43268242639769 -0.15888537828916 3.7549274289884 -1.46661662751573 0.975708454860259 0.500733127839078 -0.264020690520718 2.85993663383947 2.30863463622962
24 -0.622689767958637 -0.37808428586824 -1.2733628036548 -0.631153638334791 0.603257019789009 2.55535780096442 0.759275035989203 0.277768209440347 0.0663108751126725 1.2527868090458 -0.161728735063497 -0.925260469371071
25 0.52853744956257 2.05410707311695 0.581466657889296 0.263617951041476 -1.16228473907955 3.0993401035238 1.22277702922995 1.93184106588039 1.36624980298819 0.0537076840986283 0.126126493805749 0.955478821523788
26 0.77081867169404 0.138225403263888 -0.910780798192153 -0.413688070505232 -1.56009578379087 3.57568233997695 -0.617535389141603 -0.332290606474839 -0.461615131638163 1.54571970712446 -0.620143602752065 0.473501010253413
27 1.60318075443505 -0.719146277753351 -0.551874495500953 -0.465118741895463 0.489185585613409 3.55126278533534 -0.511773942223519 1.48194329316471 -0.056820381470355 -0.602236288764586 0.733028625007077 -0.363129456938101
28 -2.44862135362922 0.888692440655481 1.38422224664466 0.920851504045787 1.62105050747679 2.55230847696836 -1.62158019298443 -0.455655564121926 1.05022857914546 0.578602600231311 0.188879480095157 0.361853678481415
29 0.495119681899253 0.491372928474695 0.116494123723035 -0.502192713878502 -0.714736528438557 3.70490044942375 0.790937635334595 -0.231322401662488 0.10571373539749 0.124398605835855 0.635331325238311 -0.332192091893926
30 -0.318468478289267 -0.0803500691057765 0.0453178784831703 0.974456871806679 -0.686687437166656 2.64770210148206 1.46152195521853 -0.32711762721469 -0.475412846638052 0.362650090922231 0.713170709295136 0.76038465906466
31 -0.266390602550299 -0.227631250524714 -0.245585632015596 -0.772935917727367 -0.941603766118093 3.06332126663419 -1.69993221571343 0.287902029979113 0.184986351845422 0.205401537908923 -0.768887741449215 -0.509569485214936
32 -1.64170410993825 -0.145485583230482 -1.59789551871642 -0.256483362676747 1.48472599900393 3.08437790189672 -1.81251474524571 0.466534226807171 -0.447633825506989 0.777727573620663 0.825866376973108 -1.7571523211675
33 -0.0328780548058861 -0.0714200255752952 -1.88057396502837 -0.826313344778546 -0.707935194370652 2.0400044377231 1.14414109742141 0.145161086801629 1.86991842288677 -0.00773183144031521 -1.18988737780151 0.813197717806123
34 -0.776007105490692 0.619530244648906 -0.217766243830373 -0.426199321602835 -0.837443806426317 2.93334628988315 1.34854185723644 0.599325334115896 -0.38322360709269 0.968502349122963 0.153363028470634 1.13232732088381
35 0.355759428247928 0.127656676246875 0.354738794936102 -1.16169686834141 -0.804029989369464 1.94980671349003 0.371556455073257 -0.781932342398934 0.940762582355678 0.490184917432232 0.912622167357091 0.11153896347961
36 -1.11280918419286 -0.627376645697984 -1.31894478115298 0.446986972332676 -0.58790398966908 2.01683074790911 0.242249032302166 -0.238878516187315 0.00114037939802183 -0.00953732033365802 -1.59146442510994 -0.830126638963554
37 3.44599197819979 0.834371493937897 -1.80778009715662 1.18231429883526 -0.597717941949531 3.16025771620861 -0.621258548098154 0.652135347242971 1.33035103673469 -0.112809987537774 -0.441399608592731 -0.482590012721979
38 -0.78209886700799 -0.698403948311629 1.2755091369191 0.283358694174729 0.606447474560152 3.170621710317 0.339038070553804 1.03807857111819 0.930724347311392 -1.27667121119404 -0.402960952747705 -1.31718431349308
39 -0.282203311332044 1.30924048218871 0.50699835111917 1.71226784466114 0.301728112720811 3.48716735034968 -0.452140126031672 0.338341102765029 -0.648756927555097 -0.648600599019152 -2.06230271816286 -1.38737601474183
40 -1.22876619131156 -0.980177626888364 0.482094871689672 -1.64010000474981 0.474748254024927 3.18977309910969 2.04323321252589 0.709389825515823 0.282057595472141 -0.263307562979625 -0.20256487619833 1.13239345345274
41 -0.325172996563801 0.747985102745544 0.917096497774865 -0.751552073945755 -0.63020028988294 2.66311535219293 -0.449337685075739 0.840061158464551 -0.145816428129493 0.935634309069237 1.40758868957049 -2.05851452686204
42 2.13425460540829 1.25779662068081 0.554743570423318 0.524644402691181 0.724514310071569 2.59963646294812 -3.13738452799538 0.609308995068682 0.502782858153291 0.791319019046477 -1.40739406899524 0.558693499080777
43 -0.386892082931343 1.2221833523778 -1.05550268160105 0.633379288392583 -3.04313484257759 3.40227725339611 0.499962209076086 -0.223717667477607 -0.0463609106163997 -0.806275012776523 -1.09945170416749 -0.384175028057493
44 0.610203857819049 -0.112160842700522 1.25015505558455 0.32699671904924 1.12770217136719 3.72551782437886 -1.25714158968218 -0.164343918304594 0.470334653258416 -0.476322723291209 -0.393075493057358 -1.32565555519199
45 -0.939779775135914 0.692200142934224 -1.27736005340688 1.74568499211517 0.199846383343375 3.39939685551232 0.822761428159943 0.621993832386204 -0.116979104080516 1.73713939902695 -0.059463044387427 -0.232507509578728
46 1.53836358801599 -2.13764149985513 -0.478588320720279 1.67538956644338 -0.405102186288378 3.10846239468984 -1.54609608135241 -0.45538382362054 0.955642402601893 -1.41251709469622 0.104925407257234 -0.189051299337589
47 0.468351598166099 0.444235984040234 0.333595621234046 -1.4593043614019 0.475527499245612 2.9655014018588 -0.258780758988273 -0.131983757227639 0.313166943227935 0.179352063176733 0.1889952180983 1.2023016768504
48 -0.71663302769885 -0.109286874357898 0.280998469151164 -0.417404252867921 -1.22312208393652 3.81420848105375 0.390407377124082 -0.0918070082042202 -1.31586542685489 0.277655959574592 -0.278202451547745 2.39883323295012
49 0.230438944862016 0.599824655782442 0.589335500714839 -1.43403337067262 -0.632713554588276 1.75415650928884 -0.197270203079809 -1.58680900679091 -0.0207296794375628 -0.501703223407696 2.35919691735473 1.82290899159925
50 -0.38686369131377 0.108759073688381 0.876592079389192 -1.03077397230637 0.109171617679726 3.4964545504844 -1.94694947947191 0.334188898006935 -0.336662904733371 -1.37249045907921 -0.447634538850182 1.6269914642286
51 0.50870846650783 1.29479689861678 -0.809672330735992 0.248256394147199 -1.56255658413609 2.9161523590235 -1.42763817341705 0.570006842576199 1.11643673864278 -0.393517451126126 -1.33535669978886 1.61588635938788
52 -0.809396597344662 -0.170650755658055 -1.28742628778282 0.351407773967145 -0.040245432814847 2.4364494101784 -0.850418042257596 -0.0611033670381328 -1.15166933686074 2.68852433056932 -1.56478148601421 0.92873539670628
53 0.463215859683372 0.733739518696074 -1.16773308895199 -0.780451694935575 -0.0363299297187298 3.41833102020037 1.62446909297786 1.79406719994437 -2.04499496770188 -0.10976677752305 -0.199479557107137 -0.454516417334737
54 1.58317836100403 -0.105956081619216 0.574483137039138 0.301600444867741 -0.278925581491909 2.50986067675828 -0.126638161398654 -0.175782369169236 0.467675329647353 -0.223120966205164 -0.539683716567268 0.171172924613639
55 1.26276162796841 0.655762571951209 -0.462754276400969 -0.727835428176207 -1.29312944937939 3.17200299411489 1.27560202747805 0.578799236784286 0.941962064122669 0.179366928287778 1.04956872035465 -1.53059525910518
56 0.304992512785019 -1.23126609336929 0.412912128628034 0.249413868883769 1.16680080614526 3.09276728058879 0.179496176715821 0.53259812823823 0.452910356116704 -1.1688159402078 -0.187191431582002 -0.777832675853036
57 0.333676634814215 0.606569514039166 1.18298161074152 0.113145255522151 -1.48537404711266 3.07059980649764 -0.494173879373619 0.784679057850198 1.35278265051485 0.751196527199891 0.0792020596796242 -0.873034514793412
58 0.421503008938672 -0.389590456231888 -0.671733976875938 -0.284012580696411 -1.47712041031981 2.07395129861029 1.12759346616907 0.4177120868164 0.901955687705 0.719396102982843 -1.6176529989762 -1.09017130238436
59 0.898379755642647 0.394815020131042 0.924698947331539 -0.960092462975384 -0.58264035626689 3.08121000904934 -1.14694954858439 -0.191280580464146 -0.930310131580784 -0.348145175404448 -0.239937983315594 1.41265589165171
60 0.385927146861621 -0.875318548777549 -0.64489251592825 -0.465325060092531 1.54930379091226 2.75341051858438 1.48101859708601 0.563353249160496 0.930524994346825 0.0593338459343979 -0.271886923602991 0.500047962609191
61 0.606090117308301 0.54164091212584 0.616813884899903 0.491146204122848 0.10688293076497 2.64810746673129 0.916191212458402 0.253522340813204 -0.588776640838963 -0.50503847808422 -1.40303650902349 0.264507054731177
62 0.637811527522779 2.99152532733133 0.0340745981039207 -0.494181843877065 0.259566728752779 2.40818964682573 0.335131017104748 0.243522140168039 1.1050875580454 0.689891731427373 -0.912951650028496 -0.0113266279824093
63 0.227793843711254 1.54052050648587 -0.850439447987543 -0.325507791607573 -0.215988701887296 2.43065090898305 0.57467532847443 0.719590249915119 0.992881907632339 -1.6587787733223 -0.873191554689282 0.985935291656512
64 0.720449424080687 0.980378794904776 0.947850371730136 -1.06976068195843 0.270847411651089 2.57719826573457 0.203619661886632 0.772732980235113 -0.0497880401457014 -0.22225099823374 0.827193177842784 0.884637768598395
65 0.0578393567246293 -0.619014968381663 0.722604398667226 -0.434114796822793 0.633189247403892 3.62349520403752 -0.447041192021587 -0.00852286427622694 1.06793715834658 0.623421655165673 0.558026882514199 -0.904861863579162
66 1.01128638626024 0.324860466266969 -0.868606252322955 -0.0248566438012168 0.707469331514634 3.34758250594489 -0.343525927555419 -0.389069154981751 -0.267897522190875 1.6873364383445 0.694424949975105 -2.00382435143443
67 -0.428251372732744 -0.158338330946089 0.0377018047450394 -0.729108845461425 1.37068146839201 3.13741624015402 -0.60383579647081 1.32823335412769 1.01100559908234 -0.908501501508117 1.40582153073401 -1.17847443705294
68 0.193770942237221 -1.98512889480691 2.52239807042822 -0.38271233932852 -0.778056134077629 3.85824263632491 1.23867251847222 0.0530125522622219 -2.30643455019036 -1.11862209635986 -0.321394590505842 -0.494871119028844
69 0.0324641118561838 -0.240167897097374 -0.751862790605904 -1.10069412034449 -0.158113544897406 3.80604059868256 0.599492053306319 -0.376265157965668 -1.05139227913831 -0.108211010065327 1.18305691015126 -0.00324293186600494
70 -1.07415455414373 -0.316538046267265 -0.166712862493818 0.749164757240454 0.413538663207615 3.45148038405041 -0.108733757596266 -0.946238346878203 0.14755742455189 -0.0575192355285753 -0.265734673601599 1.50340582686359
71 1.19882598973803 -0.0896303158722854 1.4028930698445 2.20977517791002 0.825075725328577 2.40827900687909 -1.13885696475289 0.269989483309469 -0.510659669728227 0.758042251915415 1.15617986844195 0.634769334875039
72 -1.16243321340069 -0.532006993707045 -1.11369772678606 -0.425230228920035 -0.333022248776666 3.71654001195468 0.319855338558353 0.387150587324501 -2.66795823659219 -0.114388107013693 -1.25304602409505 0.685444668607466
73 1.30512922116238 0.651828959763116 2.380413636511 0.4666662872896 0.650773965410399 2.89893668225781 -1.0065481340292 -1.1380526011713 -0.835230624377586 -0.574018283429559 -0.604202960843697 0.810478299570455
74 -1.06846647571752 1.91858057970287 -0.667302144757731 1.58196744706869 -0.548452682937463 2.87866435104125 -0.851612042829978 -1.34835448953457 1.61395858579347 1.88993924526386 0.913415960766171 -0.130425767010414
75 -0.982083465583142 1.15565715134385 -0.521432196322171 -0.384444162472612 -0.341476452668467 3.11877005979783 2.03878604469939 0.184197119538614 -1.20877889007238 -0.329153039991464 1.65745634787285 -1.0740831668591
76 0.860888491074712 0.660185179168459 -0.0385537561204246 -0.389164984085092 1.01214376625149 3.03146885777115 -1.39598222358437 -0.818899655331007 0.166938041160069 0.880877843181363 -0.038877583834506 -0.897543254705905
77 -0.081744927167929 0.0550690875835367 1.07467642177463 0.647275142770483 -1.88275450185253 2.75305997322255 -0.882994997402491 1.34861529998307 -0.493898645223734 0.744416337659274 -0.331291452184084 -1.35723063236369
78 -1.8451908393036 0.0757323802746318 3.23554281654337 -0.952345799282998 0.221546740723215 3.34243473752078 -0.580806129900227 -1.10719940407301 0.0183160017591458 -0.439742707587809 0.626066840821814 -1.29269780618488
79 1.50342038213375 1.15752258181319 0.483314635182074 -0.173136503089637 0.925939991622145 2.75897875478455 -0.595755686765138 -1.54890311450311 -0.177364947696921 1.66243635837573 -0.120643584601851 -1.5172073063295
80 -2.48852743080384 1.28164889939765 0.619616219204552 -0.55316507526113 -0.344776981722618 2.71760241632416 -1.12552538199284 -0.0698479401103959 -0.135914238141756 -1.15579864674893 0.0136256983844964 0.859176030743799
81 -0.692526021320325 -0.591946857097672 -1.37352867429314 -0.967837023816664 0.624855729729621 2.87285329624764 -0.187725488793352 0.468005090421516 -0.122508155169796 -0.937738738780248 0.252213484446859 -1.21461753377647
82 -1.52033934327632 0.949803349503218 0.141241738837254 0.420695958687057 -0.706496293740966 2.62015856437155 -1.0380420431511 0.156881145749739 -2.17699358942494 1.16712179904481 1.0895061399478 0.619055380663752
83 -0.567967502113959 -1.18310978507429 -2.35978263907092 -0.13881389317545 0.171207414363386 3.07684100318017 1.34246054657364 -0.120859637284792 0.000559584625123736 -1.55745823944199 -1.06556590016621 2.34537993067925
84 0.0886811291310934 -1.19265860477875 -0.258273243330735 2.1695257924131 0.00977875691569575 2.95137325079304 0.123512925286392 0.378800825326744 0.12835196484847 0.637357198884172 -0.441254808830028 -0.198027912485171
85 -0.333540775490231 1.59578333479431 1.46142509399092 -2.84301789503408 -0.0285917181661211 2.85204971181438 0.858147790153634 -0.768385643943707 0.412336687584628 0.197449515466589 0.600319646411984 -0.184007671076338
86 -0.578854149910313 0.0369392685017888 -0.198070049692169 0.645281929502748 -1.27578726414557 3.23189569078147 -1.40542792339272 0.226991933442807 1.36723917292648 0.739473320762706 -2.14375790027801 0.838737527755983
87 -0.163795855729233 0.0337820994332734 -0.0576426334267687 -0.821321707080598 -0.162588041070684 2.08758453080843 -0.0144570974007778 -0.833687266772298 0.0367601401988459 0.781435892320192 1.29544315368299 -0.0145075459885022
88 0.269165410758008 0.979023019683957 0.0390446413634702 -0.286229169578084 -0.813952668017409 3.12622095596468 0.545575680865128 -0.804394854725982 0.270771895991867 -0.665550918985606 -0.648599701013159 -0.763833231605356
89 -0.855759582087002 -0.19665658614585 -0.123729489633514 -1.08880098387599 -0.35960728144336 3.45062412724039 0.0981120890176681 0.106715468591871 -1.42765630977467 -0.684422309402987 -1.04436247308976 -1.41953834235091
90 -2.07485622665075 -0.84666438748252 0.100049582245978 0.578400488855279 1.02424399526782 3.44022034492813 0.0175966291792284 0.411464908515077 0.0995746809256668 0.814295613579638 0.167576337238251 0.0933118694913043
91 -0.925845864287955 0.138357324986206 -1.51123341901236 1.35541776928185 -0.566592582056899 4.11588504941492 -1.03428012006976 -0.869121565044251 -1.55545187835766 0.888384026333753 2.23377741359153 -0.427150503032877
92 -1.90435779127418 -1.70863333602975 -0.480871431890273 0.489112200603266 -0.0327291610703558 2.6800825848156 -0.628717129629501 -1.5509775524795 1.9984893050234 -1.11367173348657 -0.672281932964844 0.392367468010023
93 0.635338733866089 -0.472466103539983 -0.341587648007823 -0.911856524356647 0.103023621831118 2.50994817275442 -0.404901407269793 -1.02634997767561 -0.357022568847804 -1.23189169431553 -1.49461631904507 0.282013838236583
94 1.87015838792933 -0.156740160934217 0.569773368026909 1.61447746884251 -0.189466034412415 3.16304898799476 -0.802371216259799 -2.00020298785555 0.352160890026348 -1.07465982098932 -0.133160098464251 1.29802839581992
95 -1.14546193848128 -1.44256268479559 0.207376636370952 -0.163726665585519 0.806090490556974 2.15736880248333 0.763807156156157 0.129017185333089 0.441335798429958 -0.0147790602894336 1.17023378386562 0.600218839205042
96 -0.885435444170508 0.184764335937665 -0.75859247225466 0.178738701781817 -0.0424478238394652 3.6053457859928 1.75961293587004 0.584768770263072 -1.30749298175472 -0.0210603638865698 -0.277110287899164 1.13641129245042
